-4.95706
-1.0774
-0.786812
-1.0009
-1.79159
-3.87537
1.07475
1.77584
-3.67941
-0.444334
0.227172
0.833958
-0.130342
0.845846
0.830058
-0.603738
-0.566865
-0.505794
2.11785
0.731614
1.77126
-0.690646
-0.233056
0.988583
1.34461
1.47673
-0.28519
-0.501634
-0.198632
-0.371335
-0.734357
-4.75681
2.52357
2.77464
3.18852
3.21906
2.91781
-8.35579
1.86164
1.6054
1.61031
1.70406
1.16333
1.87546
0.39361
2.1928
-0.524734
2.49336
0.58162
1.09514
2.54007
-0.318541
-0.141631
-5.08727
-2.68688
-0.489583
-2.99844
1.67767
-0.803639
-3.00547
-0.416316
1.42552
1.11238
1.55186
-1.3979
0.565891
0.00880159
0.288026
0.25927
3.59174
3.06905
2.00182
1.94166
0.5023
0.240449
1.9662
0.912102
-0.308301
-0.673148
-1.15686
1.64912
1.34778
-0.742969
0.34447
0.557856
1.12669
1.22399
-1.8581
-1.63547
-1.40686
-1.16833
